5
5 2
10 20 30 40 50 
6 4
1 1 2 3 5 8 
2 2
1069 1122 
10 5
10386 10257 10432 10087 10381 10035 10167 10206 10347 10088 
10000 5000
0 1 9 4 2 6 47 13 73 67 23 96 99 16 33 18 47 63 84 126 196 112 114 46 231 23 83 150 94 40 258 240 247 91 127 251 150 156 15 340 282 19 343 397 103 17 326 361 228 260 163 210 282 93 271 335 466 489 85 45 15 79 109 401 96 524 574 618 140 76 559 189 176 120 92 705 114 195 694 386 488 584 583 465 520 470 627 198 342 769 3 869 127 287 328 831 540 807 314 394 793 815 162 942 392 878 359 899 608 163 53 874 277 578 735 1133 392 291 447 1068 337 759 369 876 1192 1193 109 274 571 1280 223 487 167 579 714 474 1075 22 1227 121 138 1328 889 1122 347 1349 56 658 801 1102 1466 985 711 235 1109 684 1226 812 1335 1193 776 677 351 250 1497 105 682 1398 248 451 824 1131 1315 1484 660 1558 1554 1618 614 619 1733 830 1477 789 1365 1043 1269 527 653 510 1079 583 1543 829 1627 74 1258 597 1286 1388 1991 1317 155 210 48 1565 1240 450 1623 802 2029 612 471 1057 746 1377 232 1813 949 1290 1355 948 882 2063 1623 442 2230 1914 272 177 203 1805 5 1989 709 1060 1819 868 26 487 157 334 2171 774 1760 584 74 2287 2387 443 1000 2047 1068 241 2473 1900 1593 2162 2161 1159 487 87 367 1109 765 570 2306 2443 2365 2505 1746 2363 2090 2644 1002 2702 709 964 2273 1892 2170 2717 2488 1576 2311 2409 1102 18 2483 1024 1613 2579 1295 916 1903 111 1353 2615 1930 1187 1656 611 345 575 1043 896 2604 1820 1489 2887 1371 2455 2094 2170 2115 733 490 539 891 147 1956 1887 1304 1700 46 1690 1312 2087 2291 1219 1131 2542 1363 2388 1971 3119 2160 3306 2242 1453 320 2437 3044 986 1492 1133 387 2527 168 2693 2157 1441 1564 1989 433 3055 1060 1919 2199 1430 622 746 2334 86 2821 2031 946 3056 1350 3507 1758 2277 2314 2572 1482 3651 1030 2893 10 3028 2653 2675 1882 2419 406 3785 2937 832 2001 779 1669 3092 1082 3692 177 1562 521 2824 1586 2563 1314 585 3994 3466 1643 1952 2275 657 547 2 2978 290 3529 3736 2133 115 2698 900 1376 2013 1101 1298 3408 2143 2575 362 2197 3677 2204 1389 2292 4004 1443 2295 411 2299 3475 280 2752 1313 2094 1848 2830 2238 3917 3254 3448 2253 1294 635 2353 2704 1076 4331 1062 1089 3590 209 3804 721 329 1846 1341 423 3470 468 2727 3590 6 4401 480 41 2206 4329 2982 53 1306 1793 887 3658 2644 3904 433 4092 3109 2421 4742 1751 1790 3570 1703 3544 739 1213 4271 2698 4159 4067 200 2428 2497 2791 1679 3750 441 4725 1694 523 4897 4011 4888 3804 2394 604 4542 3198 1773 4872 571 3372 3808 815 4904 1884 5100 4088 3520 118 3617 2709 3911 3110 5121 4301 4108 4268 3881 4909 609 1686 1855 3894 3377 296 3127 1870 4987 3161 626 1499 440 4464 1959 3205 1688 1933 970 1076 4960 658 2619 4899 936 1448 4187 4080 4599 37 5315 3744 88 2415 710 3203 3676 3917 2023 2683 833 351 2117 406 5538 5586 292 4060 5054 326 2024 865 3611 3039 4886 1095 3719 1498 452 5067 4365 3594 5218 3941 4691 916 1408 3692 4283 570 3871 5296 5206 5491 5995 5932 1685 2089 3735 337 2646 4776 4344 5366 1060 3079 1129 951 4175 5564 3907 298 4927 4156 217 160 1610 84 6335 4684 1754 661 3507 1338 4023 5645 4472 5513 5215 3690 6461 4912 4257 2528 5748 6435 3098 114 699 4331 5197 1730 5949 960 179 1695 3601 1501 10 869 3371 2851 4517 1783 4404 6185 5900 6610 4975 3338 6056 3885 3738 3865 4076 2405 6268 3485 626 2369 1965 2787 5343 6579 5987 740 3778 6873 801 6178 4520 3630 2984 826 3978 6086 3695 1666 4025 1678 4830 421 3464 961 3841 6010 842 6377 4671 2185 3475 5775 7023 400 6758 4489 6476 3767 519 6532 1348 3130 6429 4855 5231 7199 2854 5221 6833 1344 2356 5366 3460 3775 2256 5808 4095 1110 1618 79 7008 7249 4241 5098 4516 952 105 674 41 2511 5355 2626 2111 6169 1655 3043 7010 6167 3392 354 6300 4614 5652 3582 2350 1760 5727 7460 5680 5017 1596 2644 1546 6305 115 6827 2499 1063 7305 7560 6075 6423 6939 6586 5571 1847 5171 6268 4844 4300 4998 7408 2363 7007 1878 4152 4479 5732 5747 2794 7481 3816 1024 2279 387 6871 1812 5087 5616 6087 4263 4046 592 3027 498 3144 4452 512 2778 1902 1277 4601 7470 8053 7344 135 451 4215 5312 5094 6500 7906 7432 3505 2555 7049 3323 3810 7576 1096 2776 7876 3513 7514 4118 8111 1313 572 4674 3168 8510 1566 1513 44 110 2258 7443 2798 2086 2815 4663 418 7509 435 2385 2906 6057 8187 936 6969 6400 992 6450 5303 6997 2303 7404 5850 7715 8300 2222 5799 2362 5426 4492 5977 3685 6992 5273 211 7468 1190 4023 5036 6178 6824 5737 3737 7307 8383 6103 384 7575 8558 9063 1136 8648 8625 6993 4257 8678 7093 8390 643 6124 1069 5299 950 4677 376 1293 7548 6353 9062 3774 5062 6804 4383 7210 7950 6978 6796 5428 4815 5658 5126 1751 9229 1130 7254 8229 2511 726 1811 1764 8829 7757 3423 353 9503 8462 3898 4277 4557 5581 4289 4831 7074 2588 3234 5555 3119 4753 4630 9414 6630 657 8040 2286 5361 2058 5405 770 3685 4314 7620 6590 4041 7092 5962 3566 537 2924 3281 9537 1954 498 8235 7819 4091 301 3247 4732 4932 1044 1804 9478 4370 8007 7346 9953 6629 4712 3950 1668 343 4595 1327 3493 4623 3388 8778 7057 1502 8150 2341 1191 6943 3443 2581 5292 424 9721 6516 4990 6413 487 7896 4722 9059 7205 9174 8266 604 3229 9259 10018 4711 10063 9597 2451 962 9096 4774 5597 3979 3368 4984 5326 5313 3735 399 8665 9548 5175 8742 10065 2004 2468 2181 4995 3375 264 1405 5079 4363 9029 7003 9038 618 4342 6478 8351 9576 2551 3576 9891 5647 9277 1515 2441 46 9576 7352 6357 4866 3993 1441 2854 7487 8083 9076 7226 5939 4747 9802 7979 2647 4285 670 1202 5308 2551 8915 368 2246 3512 8087 8735 1054 9094 7326 2485 10457 11209 3829 772 3266 2583 2227 3890 4619 3375 1627 1800 9370 6204 2709 10086 9862 3518 2755 8763 3969 375 7016 6781 9876 4031 8221 0 5500 6827 7984 2384 2650 2198 4493 794 6740 8511 7040 8196 8396 6712 6729 7981 7119 8464 7001 2849 1946 3404 3164 11028 5702 3995 1709 86 9206 9806 5827 1023 784 5503 2862 3840 6718 7581 8649 7514 9660 1470 8621 5364 11107 6920 10560 373 2778 994 1742 8460 10514 1546 10449 10183 4506 3443 6986 5842 294 8154 5854 9680 3395 11248 5932 9050 8370 4191 3972 6124 722 4561 6906 11856 12031 9350 2573 6523 2256 9492 7490 9495 3141 4286 9362 159 9250 6452 4404 6687 6065 10401 8740 9918 11787 3829 8302 3716 2588 9872 5800 6823 8265 12515 7021 8110 4603 2125 6529 39 6768 759 6093 7252 9612 8842 9609 454 1562 7123 5417 9354 5028 6619 11613 1119 4799 1741 4789 10835 4950 3458 9524 3981 6660 3613 8610 9067 2899 9764 8375 2402 1778 590 909 5097 1060 3648 5263 1757 5498 1212 6528 12263 1234 8117 3615 312 2063 4281 7835 995 6604 10961 7561 8895 10407 10803 74 11031 1128 3940 2376 11439 6833 1073 11758 11321 1421 668 4474 5233 1862 8967 11280 393 12667 12621 8542 11130 5544 12710 12917 1748 1698 5350 6994 10804 6126 4766 12568 13304 6915 11372 10345 2745 9117 10837 5937 12356 9301 5005 13559 3731 199 6398 10448 2454 6633 12620 10583 4732 1743 12512 3903 8801 4370 3519 12217 5406 10410 5152 7373 8221 12306 1321 1804 10009 2693 13023 10928 10205 9991 7539 4976 3417 5727 8810 9666 13766 9979 13919 3036 965 2273 5462 5228 7011 11020 5161 6892 5956 4864 1891 7063 13822 4716 7700 3358 1164 7604 11800 12949 8967 13587 2821 2103 9039 1863 8392 13426 12862 4847 10876 1727 9244 7965 5728 8998 1315 4087 10993 12362 10814 13026 3363 9292 11540 8810 3618 3168 9012 12503 14498 5090 12108 5638 708 327 1369 10979 34 11702 4925 925 12041 1480 1692 799 12202 11692 9556 6568 7199 14459 10738 6901 14151 10952 10595 10774 8932 12619 13218 1611 870 12688 10088 6900 2502 1098 13869 3279 5541 1688 4940 12103 8165 9923 8825 6533 5474 2418 1716 9741 14470 6191 9848 1001 12248 4014 4528 5956 14099 11670 1080 1715 1588 9841 12651 13349 180 1890 6079 3662 6173 11999 4634 2675 9041 2172 8112 8642 3639 13695 6537 3573 3217 7095 14066 7636 9254 5214 12663 10235 13391 9861 14807 3441 10653 2122 5580 5684 7552 4299 10670 5282 14991 11967 13909 7653 5157 11389 12905 14441 13917 14189 8351 15436 5988 11603 15085 7533 8746 13619 65 4959 3085 8564 11010 5177 6874 13654 13706 10857 8917 4830 8518 15666 2934 10332 15061 4407 11438 1679 13973 1953 15143 10611 1864 12744 14346 264 8322 11245 5684 14721 9783 5197 2135 13470 7093 9518 3696 7656 11822 14001 1298 5941 3357 4075 12639 14996 10877 8475 806 10182 517 11171 8963 15810 11237 4546 9726 2413 10984 12549 4797 2477 3354 15667 7865 14040 13871 8152 16443 9347 9262 7219 10591 3435 595 2513 7346 9731 5534 2190 9023 2291 4955 1180 6331 825 14000 11335 4193 5048 11030 3051 865 4005 7968 3059 9744 3636 7998 4356 6229 10592 8501 3295 869 11947 16127 16690 13246 6741 8934 1768 14858 16406 16518 12534 15439 9075 3310 5199 15118 172 10139 8038 1959 9858 10584 4365 4076 6953 15029 7487 16389 17032 16502 11835 2503 9208 6455 2788 1194 2709 5840 2353 7337 9063 9268 14147 14801 5344 11685 9881 5862 5337 1078 8704 9746 11699 385 5543 1779 5217 14410 10307 1679 2559 16388 2966 10353 11221 3457 10439 15989 9670 4390 4581 2916 7307 7223 8244 14724 4067 17117 11281 2131 7747 6227 8160 4961 886 8886 12256 3448 14131 5004 15721 12650 396 860 13932 10340 10706 3490 16294 449 15549 1530 12873 2812 12283 7923 9732 9926 13646 4741 2523 17386 10792 11479 1174 17740 2841 12307 7775 945 1613 3631 15795 10389 10242 17086 15836 5238 13565 10069 3968 846 133 7812 929 10873 9151 12709 9577 2288 1827 13182 12249 17855 4759 13799 13068 10388 11784 16318 11592 16172 8657 8494 18081 18037 10059 10361 11907 5582 11996 17616 4509 2629 11266 9669 4829 15294 13333 17761 18017 10967 3129 8302 12213 1341 17670 10350 2727 2661 3765 3750 9106 14017 16962 10497 5649 3704 7990 7711 13467 525 18406 15621 9366 13734 2496 10804 2127 8999 967 5763 6524 15825 17735 4171 16334 7992 9055 2406 10840 2712 2933 1527 16780 17088 11240 17291 4951 8695 1566 640 10492 15627 11616 9849 1368 8233 1067 18432 12617 18259 8724 4452 9104 5774 8629 9486 8163 19079 12054 2683 5318 18575 8832 17575 2038 2576 13374 16692 18590 5695 17421 14138 2347 8014 7719 16831 3299 16540 16530 9232 9209 15775 12965 3051 13355 12496 4824 3332 15301 398 18775 11589 18402 11486 1951 918 17210 7823 4784 10909 3427 4933 15305 16276 10054 5752 7803 5223 8486 4755 12507 2087 2959 4386 11111 10632 2365 9086 8301 10000 14416 9832 9661 2428 19514 14957 4012 9896 5286 9460 17471 2571 19169 12600 4176 13853 13042 16367 11198 14401 10360 14959 19565 15002 3953 4495 15606 5906 17399 16050 1344 17974 10651 17481 368 1768 18603 18300 10625 19006 15673 3135 14653 2067 6138 3215 17420 3903 18069 7622 19042 6045 15964 4849 10208 208 18491 1440 3791 19131 19194 13569 1509 12806 11938 12039 15507 14722 12611 8333 16480 12381 13792 17276 9127 3906 19130 1817 2435 12129 15209 1508 11183 13199 14757 12959 12153 8360 18178 5269 1810 17188 12568 5852 12743 4901 8746 16855 20706 6590 12634 8439 12710 8416 10324 11469 7374 16758 18911 8385 15881 2547 13109 3784 13919 12759 11440 11946 17221 5920 8851 14327 13277 11745 4885 8917 20700 11921 4954 14885 18867 16241 753 19979 3189 15795 6908 17517 16579 5665 6816 14919 10408 12170 20319 7530 3832 1318 20012 20506 2032 3266 13515 15944 3134 14631 6707 5655 5502 12706 16422 5636 11206 10952 5711 16103 7831 10476 14141 13106 2862 9166 19181 15855 21095 13302 16306 14690 3870 1095 9107 9743 11894 1274 8495 2802 623 7912 15246 17020 21562 13239 16594 9537 7083 2157 7263 21139 9846 3211 9924 13869 10827 1925 9153 6895 1057 15976 1026 15457 16257 19765 20897 14008 9350 19061 20187 786 7822 333 6043 17720 2251 16942 3203 21456 7045 47 4291 19392 4683 10817 19865 18385 13974 19120 5416 9490 7355 8842 3993 18835 8050 7197 14390 1552 21535 3443 18529 13285 10567 17552 12723 929 4722 5900 14725 11645 15875 17367 5697 21786 18077 5154 4593 19496 10328 11886 14803 14941 11557 21653 9327 15963 13419 20147 19507 1353 4174 16260 11583 8302 13436 15382 20365 7855 5389 1959 11153 3318 941 18043 19531 13167 14959 18852 21024 12700 21708 20449 5161 17669 6281 2238 2938 8109 7137 4059 1073 21181 20526 21378 22564 4903 13332 16154 14836 18784 5907 7129 13888 12172 21958 15287 7477 22985 32 20431 5054 16780 17556 8576 5783 12661 19950 74 14108 3393 17852 9705 12477 11695 4058 15798 9386 15778 2748 778 14267 16891 1792 18211 17072 17719 5622 12813 5400 21633 16002 19772 9492 1565 18358 14459 2279 20305 17572 20739 6935 1421 8068 11820 10918 18794 19174 10454 7148 7001 18400 6988 6458 12414 20465 2686 14198 12406 5488 23663 14448 17948 13871 6547 10127 12344 15430 9546 7232 4744 3676 18588 6813 903 16763 4617 9125 2712 12202 11779 5626 16701 8299 6407 10636 7218 7236 8859 1706 17995 10731 12737 14378 20474 113 20136 183 21748 7546 19736 1381 23103 14733 22598 18480 23112 18873 18878 17181 20321 8924 7949 15469 4737 10926 15578 18225 9887 740 15708 1864 9441 9837 15832 20369 1889 4742 2392 22352 15535 19112 12641 20178 4013 7529 5117 8454 22519 7378 3808 16541 13749 12193 17596 18842 10803 5068 13997 8399 19797 16382 7575 24192 21992 22099 7287 4237 14721 12389 15647 14882 18470 18614 15256 10100 16177 20762 4144 10530 80 23593 16938 22737 6861 16760 15508 16586 11680 3000 22115 18662 19954 18737 9253 8326 3861 2265 9905 7433 9339 19888 20718 16266 8985 16653 3782 16607 23112 12613 23635 7442 8949 9427 20346 22738 820 17742 23900 9943 21293 10215 16305 11543 14207 7171 11954 22338 780 11907 9772 13818 21264 2809 22008 10443 3197 22227 25180 10801 339 20612 18452 21661 21707 23165 426 205 3925 25163 13074 12638 20412 8814 21873 1705 23843 24178 11427 2537 2805 20451 23334 384 16437 1067 12472 2503 23481 10619 9576 2508 17321 196 21454 21406 12058 16241 19621 3763 9655 3511 20606 23297 23904 7806 15787 5049 3126 7053 31 14142 11822 19911 25046 17132 13854 22885 24156 17210 23674 15241 16747 15648 1779 15116 12437 24103 7444 21074 9000 17723 21653 2327 8677 13065 12963 23224 12301 11305 23777 4584 7187 14371 9401 20011 19673 10314 3875 2210 18096 8590 16806 5062 13194 1204 23547 7207 1047 15845 25331 18150 12375 8081 1944 26330 25446 19558 866 8143 24547 1841 8051 9165 2895 25726 4980 14088 25105 11812 24738 11809 22362 8911 13399 9437 652 19454 13458 3090 16710 4062 22507 13238 2106 25777 4616 703 14884 21163 12087 2744 2199 10265 20794 22390 24112 20702 26899 7525 24071 24716 1535 4718 18416 5769 24464 15019 1094 25513 25553 2962 2151 8932 878 2837 2996 5398 5845 22025 11542 6359 17477 21516 22906 9350 25848 9395 2043 16510 16411 13275 11167 23473 6803 20530 10180 23908 3259 5584 17637 18803 21265 27345 5877 3907 26534 12665 20043 16665 10825 8275 15262 8106 25081 14258 22220 24687 20546 18246 11406 12174 22257 16023 738 2201 26956 1525 12456 731 7123 24328 8145 4253 9620 14859 8706 24301 1526 24066 10018 18199 20666 3949 2796 15438 25489 22356 18934 2689 7238 3948 12175 22600 4310 26267 1603 22350 11097 2760 14429 4248 13533 21711 5371 3383 320 16625 13 14855 4555 1126 9872 22023 18852 3481 5302 14153 20639 19318 2661 8939 20415 27865 15389 6336 24701 9837 16374 1523 18081 17830 1653 17772 156 19546 16061 14613 23254 6286 27661 4965 2163 131 26865 18045 27779 6668 4626 6571 5074 16557 11938 2212 16654 1933 16541 25735 491 27778 8476 15248 25696 15412 28026 14079 4343 6375 8187 22341 6015 9141 4357 21594 18835 14739 1427 13821 16686 20939 18092 23870 11742 18798 24948 8328 20106 21997 16511 19672 19561 24363 26341 8026 6994 21093 14154 6305 13212 8782 10244 25863 17153 19859 12303 22305 17705 24521 15447 24636 10567 24362 21990 11519 24713 26480 10613 6279 24911 13616 10425 12716 8835 21954 7099 2269 14936 27633 10095 26516 10760 29188 19162 21334 28527 29190 24759 24331 848 617 16885 11374 13262 11370 19260 17445 1199 5378 28517 4630 22263 23429 9678 19856 18640 24761 13079 28055 17025 9611 9929 13792 6607 1789 12871 163 22978 28548 5162 11524 25250 1841 18034 29386 15328 1551 11712 16853 29604 28197 26261 10924 8443 20026 11350 733 12835 23476 4719 514 6230 17639 27240 12672 11829 20706 19357 13836 1561 16966 13248 27312 28325 18192 20846 27625 6507 29051 16099 2966 11848 8338 18556 13122 4925 17279 25354 17882 5460 28999 8074 16859 4198 4368 14942 15201 21268 6459 2953 20942 4422 9770 15521 27228 15588 236 21693 27545 17714 29805 29152 6524 23612 22602 9013 16565 15617 11888 29215 29319 24153 8566 28094 25876 21189 18870 11808 2296 27287 9008 16600 18535 15857 6369 26113 5047 30489 4115 14776 26490 5584 20653 10990 16957 28097 2358 5498 20507 3287 8446 17811 1432 23345 30062 2419 19498 9535 25918 26591 15461 2227 20773 25407 26495 29035 45 14569 11015 11359 8460 19419 30628 2217 13117 16869 9374 27420 13706 26961 26951 28074 14439 9856 4923 20194 1353 27190 4347 10578 24037 27056 11226 4910 21038 8964 18839 20380 23073 9231 22577 4166 16878 11333 11879 24120 23001 13104 31112 10014 22190 19818 17133 22668 10075 13307 2208 13386 17869 4483 19649 12932 17931 2259 22718 1296 813 20212 13826 3448 21538 2282 5178 3000 5173 6248 27752 22738 22114 13969 6113 16396 15068 13501 8279 10387 5929 8241 8270 1869 948 5160 6375 30805 31464 12297 15393 4534 5157 13524 17378 14 30538 5109 21725 1296 24471 10491 23304 19314 2734 26635 7797 14689 13726 23829 5191 10746 29263 4371 30014 27999 11944 21852 20386 8123 28583 29961 24806 30816 12503 31318 2035 10323 1089 30201 4018 20730 25135 8513 28016 24851 11774 7002 23903 25869 9732 14175 31983 20013 15 10613 22336 12519 19038 28090 25795 18774 29583 25468 25636 4540 20707 2031 7024 18703 12709 6002 2737 26347 18121 2981 29632 30726 22187 24585 20198 21815 3749 998 137 20075 12969 3197 21942 2261 7687 24899 27036 23389 8183 27756 13633 3632 29040 11872 595 20408 4775 16455 21048 28967 22003 5833 27461 3504 21503 30164 2934 16230 10319 5270 24387 184 13029 6358 14631 11541 6956 24623 32201 1307 10964 9751 18993 23669 21733 26679 32127 15854 22320 3162 14587 24886 6654 23840 13650 26020 11007 21495 625 32234 2735 8994 3682 9680 12310 11105 3445 17275 25751 17233 3384 24708 29599 32265 20288 15372 8872 15243 3242 11084 2781 1038 15181 31985 14599 13576 30759 32826 6024 916 181 28532 18180 6392 22279 12398 9649 2034 16040 25203 11527 6029 24980 23666 5638 26940 5839 10564 18113 32072 8679 20672 15685 19276 29368 19612 479 33127 29645 13303 27695 30006 2428 2299 7739 13760 24080 11009 32115 25511 30717 15325 8854 11005 11696 29673 29823 16740 17858 5960 26046 17754 7342 9366 14483 32479 29655 16940 22538 21893 32368 10488 19640 18806 17415 7887 17656 22592 2326 2246 3454 10227 11536 15471 19402 9244 12094 7243 702 25828 21937 27719 31984 124 29317 32549 19126 5185 17772 5914 4921 32041 11010 34429 33030 14199 24357 20104 16976 292 32946 14190 12866 2513 29001 13084 2519 8121 9050 3934 4349 1067 33971 23954 9129 24268 32864 2935 17562 14457 28098 4129 301 16504 14824 15792 24035 975 19340 12009 16140 5886 17429 14541 13951 27599 19655 22425 25149 30852 34206 17646 30292 3417 7073 24417 32727 28463 24747 11752 5050 24534 5732 24506 29422 3881 32989 11919 23852 17001 2406 12547 11990 1780 13933 32982 3126 15293 18211 14979 24341 22814 10808 29130 22918 16519 15244 1245 26879 16157 11822 13052 19991 8245 2621 29172 30651 26727 14762 12697 30356 34049 28229 30884 17126 11640 11308 1139 17029 271 7003 20252 33876 24169 25593 30653 17681 25921 25592 9292 23275 13202 34328 28933 13327 24955 35097 28769 12544 10384 31611 1791 33189 14992 33174 65 8215 28285 9147 7263 462 3765 15308 3843 724 5277 13624 15816 10463 21412 7462 34462 32419 27054 15236 35787 31441 32907 29137 8 7165 12748 23921 35160 28541 21079 22781 30284 19286 12990 7930 10275 12479 27306 18166 25679 588 26320 32714 2007 34935 1844 13763 32693 28236 11885 27491 17490 19808 2724 20758 24051 8204 25835 10860 10049 19832 30600 24344 14623 40 35645 30441 25216 34138 12200 20987 29666 3735 33019 19072 13217 16050 20650 33451 13313 24703 19598 6401 12131 18570 35073 13200 27414 8212 11782 20787 24506 31218 26874 9861 23904 10121 5304 28481 21999 25931 14761 4060 21727 21340 13740 36625 7266 20869 33135 34267 35875 28450 14836 3471 27214 26736 14529 16793 7064 30194 36455 21322 25898 17759 30413 1285 30039 19356 3795 10641 22160 8667 295 7163 11574 19553 3053 36643 11721 11774 1440 19875 28432 17141 13311 9589 12269 29626 30191 32168 30081 31460 26994 7274 3183 251 26385 32284 2218 6304 30332 21537 15930 36709 19361 18217 24694 30953 34167 23484 22979 34367 8033 25002 6482 9057 27032 26769 25683 14381 34410 9763 32678 3438 13229 7685 13823 16076 19214 35289 14944 13831 8612 24738 35005 5999 35126 6161 30853 30560 33537 24304 7647 36616 360 29071 11116 3512 5528 32613 34402 6191 16499 1498 774 17076 35021 10430 14974 17093 20477 3068 16402 4671 3600 14059 10919 20267 29258 25419 33007 3913 28597 16938 33184 24078 26256 21554 16384 16583 14674 34887 29900 22724 17776 25133 22023 2232 31591 1382 19498 9915 20516 12119 21926 35676 32067 31792 13029 13356 6449 35575 30328 13256 38149 13554 30307 8858 23164 28752 19777 18362 6269 19669 36456 18268 10069 9847 29128 37345 3729 36525 17364 18886 37612 18946 15511 25280 16466 24367 137 1017 38576 20422 32501 7834 18022 38282 25320 800 17647 36371 24169 11127 26329 18220 37415 32707 32720 37671 25875 35444 20331 11236 36708 11737 20619 32057 3679 29435 7030 23723 25623 27893 4663 33445 36912 19237 18532 29580 932 17796 19289 6398 17857 16429 6285 36261 24752 28102 22927 18058 20159 31772 12471 9785 25604 34307 33946 35978 38875 7542 31012 37036 12479 36359 6626 15982 28374 23863 309 13596 4849 38410 24938 7357 4930 7939 31341 16584 13556 16058 7097 20616 18605 27990 35592 26451 38719 33002 38523 22687 34346 34902 6299 14256 3705 17158 1513 35777 22653 6362 38652 12316 36151 8400 28203 7864 21711 18185 13056 32782 30572 34827 1862 9391 17836 19487 1800 5205 32603 6556 25037 4486 15502 6150 3691 30526 16376 34951 8379 26357 1426 13259 16919 21808 23491 31366 34790 22942 31114 15778 5581 18046 26413 11109 11597 35008 253 15966 23407 25043 34504 12829 22987 34125 23499 17953 33082 40229 1572 1855 9942 4405 30274 21572 35706 4768 28911 32663 5572 9514 20194 11133 7927 34302 18301 38560 16853 27488 31108 26951 32690 22277 38924 19789 35460 30925 15118 6822 3 17910 30846 1706 1913 14098 6118 12196 23874 26899 29758 32897 17573 27349 30633 31028 2968 33816 12172 20272 13678 3712 9478 7794 29931 24603 30334 11641 14049 27141 9174 8128 32387 13956 11860 28196 20772 37480 3707 7895 32072 8551 32342 32336 22032 24773 15039 30240 1562 25317 23891 19176 5716 8859 6150 31563 11477 17464 35086 5168 1245 7250 14819 39530 38048 37312 5761 20240 27885 33865 9104 28910 13615 38731 39698 37063 34742 32151 20488 5289 15799 7047 22783 34094 18377 22007 24982 20561 10515 38138 27788 14024 33962 34728 21317 36658 32381 37138 37702 4932 41309 39712 32208 27040 31616 24605 28333 26448 12423 10964 12199 24934 12385 12324 38017 4969 4350 21639 16282 35375 25073 955 20778 25498 25349 9692 6589 18237 28534 21980 10780 27550 40024 30212 10349 5502 8866 35286 6492 1867 16650 19606 11338 10617 19982 29247 11960 38716 29788 22499 28958 35513 41721 41583 23180 2136 35775 33651 30344 28010 2009 17664 21424 26398 19072 29354 11275 20364 617 20334 14986 38892 38374 25981 10894 13108 20535 36481 37363 12925 13340 41298 14528 25269 16696 8663 7201 1895 8021 13521 10875 752 37402 7282 15744 1826 15535 40428 2961 16064 19535 33694 28013 15384 38729 30413 31974 19489 2693 18642 13328 9125 41417 34240 41845 18774 12600 26198 36382 38573 9216 25487 28412 4802 15223 23278 10300 27919 32977 25568 4618 33495 7111 2563 16613 39822 28829 10596 12185 3745 26041 23873 41137 35791 11816 991 32383 3877 18695 7624 599 9546 19799 26804 12386 9808 15988 35401 39070 5609 1869 18674 42523 13191 28752 11450 22895 6965 11920 34574 32828 6011 2979 37320 1698 30440 3403 12175 22884 37636 31282 30722 8802 7084 2440 2066 33078 16071 29530 27595 41410 28015 16946 11298 4122 17753 37398 22967 27877 3588 26011 24410 34278 36409 16136 29485 37383 38085 21012 21710 704 19108 6632 36737 9551 16062 29995 932 38158 11218 20571 42672 17725 12859 29354 37728 8704 8982 11768 21279 30113 20392 38452 10832 14962 37040 13117 42526 16447 12987 26748 10015 40545 1206 43110 3816 14076 19368 27221 2919 22092 42215 26225 1130 33253 28756 7367 22846 9335 29588 18533 42909 19722 9085 20619 40896 40023 5369 22480 16656 38897 22451 42168 30404 31592 5159 17481 11938 17085 21358 39720 2659 29192 43189 43396 10053 1046 35591 15947 32497 39952 17962 43855 43451 37691 37344 40441 11299 13947 37861 18769 37173 6561 31248 26008 5368 23564 40822 11236 36324 39006 28882 21121 32987 11551 23083 29305 16660 43997 2457 10192 10457 40673 26760 5967 30228 34473 26425 16302 18397 25683 33442 41101 16319 42384 21475 36094 20034 7490 22976 6904 16550 30652 35690 5969 11195 27653 10694 36618 25868 40595 42865 77 32785 33696 9382 24130 25980 36091 31617 35996 8692 28753 39111 4352 23914 24683 39908 24633 14865 38283 26387 31700 11366 949 8979 43294 30285 13080 42794 896 26021 40824 11358 36514 24194 12959 2238 14124 34545 35144 31344 36534 40049 12514 19488 28668 38787 10026 35838 25055 18215 102 43763 37322 2755 20 7875 22864 40054 27913 7181 44111 2159 38181 44536 24636 37365 24993 6360 39732 11968 41173 8701 11995 20497 28398 33895 36128 24488 32211 9188 25359 34388 39853 33735 3342 33589 36387 15106 1229 7949 10298 29985 1871 36075 40016 30085 33648 7845 33051 21156 25634 13785 44896 42937 14671 23833 671 26985 44921 9622 12246 31347 40624 20515 32720 34083 10259 39023 29289 36868 13623 10749 34205 35336 12160 28759 4166 26134 29323 16526 36807 11413 44492 22446 34437 3958 32316 17008 11988 44356 45412 2921 24063 18344 41569 19243 39679 10196 33131 40573 27144 1566 20310 46556 26440 45352 34890 32809 2748 25684 7811 34503 30282 17842 17999 39268 24536 38184 21227 1905 12256 13462 33957 20224 41186 35794 74 44823 24350 38364 11165 16267 4273 29553 20078 7121 24102 31479 29965 41259 15524 39351 10810 32615 26156 33546 18918 16794 25110 10220 23102 46119 24699 33094 33336 11074 8536 4909 17672 6631 25431 13154 43623 33151 10285 27053 2760 41140 17153 14720 37414 31445 27058 44453 12125 43073 41557 30666 39232 15367 25984 41553 6832 41643 46674 26233 42357 13439 17522 29873 45521 17083 23953 38335 26673 33799 5386 45486 18539 927 19044 35852 28716 8690 46406 15718 13812 19390 17705 23226 14807 6752 10789 10103 1216 31015 46543 23904 12856 14311 18994 46244 29466 20321 373 15252 5091 42519 37599 37290 45483 7053 2727 17115 41919 46127 37802 8135 8925 11383 6628 14731 28357 29188 42071 9387 41589 47714 8452 41550 36242 39369 2208 39240 2878 36267 41136 16942 15563 9791 1273 177 37902 36275 20425 10082 31811 25147 29820 3257 12039 41747 44011 8098 9974 6867 36126 27859 46724 33379 23953 27850 39327 21442 10498 14871 44237 3475 44338 46352 11908 28654 28528 24062 43872 23254 31962 43278 18554 44548 1415 13401 40319 24440 23015 40213 16793 3525 37347 27419 12032 35865 20875 10546 10448 28466 6330 97 42214 9420 18897 11745 13579 41437 13920 27277 12657 31302 12434 5372 45482 25935 10660 39191 2883 24850 29120 47389 40501 31417 5909 48100 46040 33016 11752 4653 23025 22043 30502 19881 2470 9139 36236 28268 35199 9382 37009 38384 46937 22889 48494 40701 3036 9405 46309 39629 29383 42397 14722 22551 19395 8297 18546 31911 9072 13086 15806 38602 41317 28165 44247 31228 48820 12711 40218 10755 44977 38495 9941 5969 27499 27784 41962 28242 43453 17285 34769 28501 8813 3177 28593 16119 48613 48488 15857 34285 5780 5420 18305 2717 49181 33467 19679 7120 18051 16875 5379 1396 29989 11032 19427 11214 21739 14732 21687 3939 37703 21899 41965 31629 17912 31612 20972 40482 2520 16021 18256 5783 8421 17075 6611 18073 19211 39041 31201 20888 24037 10063 42578 23562 22856 40646 9759 10336 18123 15589 2656 31595 30215 4597 3284 7956 43272 21951 26740 25764 44133 48694 45964 23554 5610 33217 36870 37309 30198 8039 15929 41100 41409 16613 48962 20830 790 23575 48850 7596 44997 43272 21770 2102 20366 14544 24273 30426 35461 23145 39406 10997 25573 43429 35521 4125 28226 27343 23683 5654 1509 33858 20032 8810 15755 20158 42011 28024 49338 43460 2601 21021 26047 43881 50138 21793 10604 4270 11021 34117 11056 7671 47546 21611 35900 13049 30982 36860 43206 37791 33035 1599 27354 48870 21675 34820 4472 43305 36750 18881 15067 47842 43228 19942 22599 26854 34292 28677 4787 17734 265 38769 39282 4975 26098 26909 42466 18732 45214 2234 12435 12533 30530 13139 1157 38744 39332 1085 20995 49261 6098 42135 5966 24413 17396 20944 45585 24543 12343 28150 5235 8495 46613 41339 24530 43059 13651 27249 26815 12538 11720 38949 20760 30643 29865 28436 5744 11456 45211 14368 1302 10678 44655 28442 41748 50493 19304 6517 1460 31299 4694 27017 35033 49483 8443 51298 44381 30576 38745 34812 45097 28233 7118 41645 37961 569 40101 21591 27217 12713 39614 5503 26386 43733 43723 42845 30508 46185 42239 2582 51327 23486 26201 13852 12247 17417 20071 38199 3049 35547 43716 51395 4073 44660 1130 2771 35821 49771 11983 49264 36891 50819 49530 26903 35867 15328 1817 3006 49480 20156 49818 42996 26118 36178 34292 18820 2855 16587 20436 19661 46727 45441 34828 47852 22206 16121 8143 39460 25957 13506 42987 7680 42368 15078 29748 11198 42039 13305 22912 52390 48592 42251 44270 18662 36780 42074 7582 46557 28037 7140 48646 5754 39937 42882 45590 16439 22095 1509 38394 12929 4016 18843 32328 27448 26267 43692 30380 47714 29749 46858 49837 38815 34755 31893 15328 27283 14120 9798 24950 32857 11247 15572 46370 34739 35450 29522 22814 21520 20782 2722 3994 51439 46390 17398 31139 13591 52428 46328 20651 27 47475 20151 9799 36153 13332 21238 4092 3282 17768 10224 5285 12070 19256 13734 31524 31860 45210 51757 35910 5778 52484 7442 24081 17429 47243 32313 20902 49776 10318 10779 18551 2172 43750 48126 40460 41950 33394 1838 4699 29643 11017 52955 23385 47855 9402 31770 22327 48066 37542 26648 39002 1110 21806 28326 6983 38067 26287 41839 52858 19998 13488 47914 44633 50892 19459 45777 3604 7370 10208 40846 14509 1349 40115 3800 9014 36722 4437 53131 28312 8009 25962 28128 17496 483 27335 27189 48441 951 14600 2103 29392 34092 35367 43948 53934 12811 25527 36552 16688 19203 27477 51718 4639 53340 30527 20016 14789 29173 46553 30009 20628 22806 1580 39105 9864 7610 45938 48978 43722 36955 40555 45335 49591 25594 27669 18341 51048 10353 46585 52460 49276 37608 1165 31108 39413 6749 47101 8699 20396 4548 34138 48125 19647 4959 29937 3144 27704 29870 23567 47880 49834 35473 37925 21258 17593 9607 45177 52277 33379 41240 29634 13182 24371 36428 49923 9943 9563 17328 38113 40564 6980 6270 26231 27011 52082 35376 54241 7067 10097 47975 31066 15516 25460 33882 12829 36023 4470 31618 34850 27633 3815 3991 4786 1020 22145 44387 9814 19951 33619 1596 11963 27481 8230 8800 3263 38650 4008 11843 30384 24110 40063 36574 11119 11398 37198 13961 55139 23933 131 23956 1296 9060 11802 53732 47131 6562 9432 24235 16757 26482 43454 30592 20062 2335 44301 32709 35699 16737 34329 926 45166 6262 50312 18330 28630 23815 8145 19261 35775 16891 45495 37855 19597 25 54409 45826 2156 33935 15449 18042 24416 3070 43178 6689 23911 14774 48544 46274 33875 1195 13625 46370 19210 4510 29067 53322 12335 1155 22641 33405 52796 25449 8005 11181 28253 20919 41811 49462 10778 21675 15893 15504 41076 54000 8883 17085 49156 53256 18496 48148 25828 11131 36004 51997 2001 45162 24332 25659 6404 35063 28597 28165 27815 26862 52718 41936 54753 30723 1310 34757 52880 31933 24982 54710 10687 54675 31246 21237 7451 14751 51518 34102 9016 22191 12546 4192 49249 47516 38125 26728 1949 47264 28228 26723 33849 25893 10740 41316 37293 9141 18878 12904 11254 54750 26775 33373 42581 9794 20663 11215 15489 48869 24803 21839 41768 43161 22749 16575 29630 54984 29391 12790 53903 33316 34322 20404 41864 38709 9409 1161 25080 53143 42415 39726 35049 51310 24879 46910 53377 13948 18832 54449 57113 8305 51113 16613 41024 13756 37449 33483 50863 12523 10897 43775 6294 4116 15452 482 45940 9105 56885 39547 47888 25214 21222 36620 5410 8523 7150 12788 3061 30469 57358 9120 50926 37635 37206 28465 45840 49295 22672 49142 44433 30050 35230 52335 41264 48653 36859 20968 56311 50428 38533 32518 22880 20593 13205 11849 7466 14609 42397 21562 31577 15303 54268 46445 12736 55252 55893 21208 56387 13528 10430 55210 24538 54036 10035 16428 5260 22257 36814 6902 42007 44548 39488 14969 6295 43116 40613 23852 2711 52125 8781 37885 50739 37286 22263 6238 43649 5333 14173 23440 42024 4022 1088 1215 34930 55698 4514 41716 51938 38984 56587 42256 22991 1038 26359 43957 2860 51721 41110 2899 42190 46831 10579 15161 37545 52196 6266 4701 42957 23725 29896 41118 38969 29217 52175 50532 45422 44430 55030 28428 3094 30318 54059 32607 20702 16762 34719 2444 34467 28601 47255 31064 30729 41253 56007 15647 31594 4241 47127 17795 30246 26914 9959 19397 36658 40668 16574 560 50373 21940 3221 37808 58088 22244 17125 34882 31460 47809 56710 4319 56029 4839 2175 40460 50744 36188 50982 41074 15107 11535 21738 13361 14814 22442 26492 14318 14618 42224 15052 28340 15856 22591 11119 44723 24453 55495 7752 7712 17113 1085 49375 53735 52299 22971 14533 5424 35368 41012 23431 49859 3767 11262 13015 29689 52108 18285 40979 51988 58402 32955 42066 50131 46335 30966 44804 27032 7919 26752 50755 32971 7371 27658 16952 46869 11774 48058 24674 51785 46244 22462 10778 6162 2331 16981 39877 18550 48796 16177 46585 55565 32112 21613 372 9802 39720 45244 1211 53021 54685 16054 28507 38561 37864 19949 46243 23861 45623 54714 58042 7141 28112 39087 21979 4608 49192 34753 49259 8884 41052 51384 35447 50373 30918 26820 38237 57721 45311 3238 3858 332 2764 11538 24876 13046 40435 44757 23500 9721 43356 25280 49500 11099 17307 10720 38332 59538 57152 41326 52638 22269 38177 50462 56854 43114 49747 4118 37507 1998 12054 58119 31410 42591 30882 8938 2536 60213 4405 750 22999 14508 55862 29333 29539 38605 15655 16898 22977 56592 30899 50568 30273 7942 30115 11480 16878 19713 53305 58909 3565 60760 22383 14347 14080 24662 11465 54191 13960 37880 25502 3443 19655 24505 50060 44096 26708 11646 16804 50353 27977 41473 56422 2713 45802 5840 49291 30254 39100 33642 4902 39817 3971 33800 19874 49152 33342 15980 55041 48695 15501 34464 54427 5978 1445 36798 47454 44111 45216 16615 6008 50370 50502 23795 37388 22312 40632 38265 7471 17312 56014 28171 23154 32028 6597 54082 32822 19847 56974 28944 37281 41382 17767 60239 45118 2919 27108 39459 56576 52333 51194 45626 40285 3160 59205 29454 874 9904 42835 55927 925 26559 38856 6090 60543 33249 57485 58839 15247 36447 52560 42066 2793 1268 7696 53163 40831 40632 1662 21996 57860 43258 58108 51244 46689 40581 23685 13189 39012 58676 10339 41489 24061 13523 44045 18718 8194 54998 16028 28770 59418 33260 54540 47060 331 15033 15013 55603 60231 1445 58637 57160 43599 32969 55957 14317 28047 56071 30327 61575 54091 34386 55578 21967 19799 33824 38051 37749 9104 52402 57005 44376 5187 7199 4428 36659 22396 50448 372 29898 3861 5703 55997 30484 27720 24501 36414 17061 51236 44327 61723 53489 61671 3334 10073 33785 32928 8281 21487 32367 41855 48062 37127 16573 19302 17725 46891 23286 29282 51663 53983 34670 9067 19820 23846 58422 11586 41513 8734 28740 32378 61680 47245 17 15882 18091 41079 991 36497 33664 20468 31409 30223 26079 39843 7821 22868 57726 27355 53743 41736 34059 53324 28801 44240 26832 14856 41176 53575 6972 26017 20877 38575 16903 51859 44887 56485 49008 53764 35464 26894 53646 2121 20541 35109 59150 28240 39027 10233 39041 53807 8582 3534 45701 32061 45479 11397 59172 21643 10505 37533 8507 43221 39041 61571 37568 56652 28034 10732 56621 46622 53270 29621 61471 49775 41667 23806 10180 11351 39055 31955 9040 43936 10742 45110 32499 40924 60350 37692 58161 17485 59670 54612 63518 22565 24016 11555 43227 40898 10163 54141 51017 54352 42937 46280 47290 15716 5286 57546 18234 9700 7983 27348 8417 29800 52527 19124 27036 464 37365 15604 405 47063 29488 21353 19410 2256 426 38569 40305 48420 2185 8151 57382 61194 46525 34305 33111 10138 17750 47502 16036 28452 27812 47685 22332 21798 978 48751 41972 63985 19257 50854 49643 61637 26901 45564 2252 60402 13229 63079 54419 4100 39117 55637 38166 52509 16599 23750 54664 9779 10894 52490 56620 45433 26752 25313 44906 43386 41918 32146 937 43526 47396 43677 53629 29655 55352 28395 55207 63793 62636 31069 43100 63932 50101 9131 28226 26153 61965 16069 10334 25105 21266 46616 4283 13455 62246 30348 36252 42945 9360 6269 17985 5631 59476 46903 7136 11570 6198 7780 17113 55247 49703 42318 59566 39044 62280 53777 3463 53185 1424 20753 21168 54806 24737 31198 8192 19318 31318 15631 37679 40172 24480 48438 16905 45348 58762 12069 16513 58442 6573 60930 27866 61186 16322 30963 62978 61817 24151 15153 39689 46197 25904 22434 2631 26363 4589 9628 36698 43315 55717 18316 31984 13412 366 13150 40060 42813 48838 15237 35408 5714 15582 10257 16376 21751 13711 28234 34020 59983 9270 18844 3836 3130 50142 16054 60015 32324 15409 19593 62776 55329 40412 1051 32720 28392 54981 60108 5026 38605 62833 62821 3927 37179 29130 60344 27414 2492 21323 12418 62463 38480 36028 47397 26612 15342 44794 29299 31546 35723 12594 2541 44207 62003 18337 4027 4966 44358 39302 45583 30860 53831 16475 2410 10480 58554 63274 53213 56332 37337 60087 62249 26185 65310 27931 48941 14046 12930 13457 41785 48485 45973 17316 17260 25664 92 22701 52443 41531 10260 25881 4255 33191 22815 44782 2903 44779 65793 60237 16213 64121 28480 61890 24779 21791 31696 65335 60823 17273 18531 35857 54083 15746 64356 42219 20671 56765 49758 31028 19651 23670 18006 21782 12275 18386 28206 22639 49785 62817 50875 55561 29772 3555 46128 57958 66740 6616 25876 7879 62786 57022 53038 56465 31487 30079 3715 11036 59009 60694 47088 36935 26507 58644 38825 24574 43606 17964 49933 33253 25971 54295 28505 63281 8342 46087 40180 45758 31118 42746 45969 64768 54733 51008 15911 58888 25682 23316 27082 330 17940 47200 42455 3202 46602 23194 14979 30530 49852 48048 27662 22199 33936 62230 17170 39901 49878 60676 55177 32085 2336 62652 10619 19534 41320 38017 62778 5160 2156 31362 9339 37956 28615 41787 52872 61394 66069 59514 35677 43745 46036 44626 25470 24031 57696 52679 35612 11969 46186 31085 33955 27849 44940 46545 63537 15291 15001 67891 50725 31683 15299 6116 19719 54910 34135 3096 29405 26521 43987 42736 26669 15395 36912 51017 23295 62844 58007 21829 48924 1043 22306 17594 34356 54036 32751 64442 50800 26528 33730 66731 64077 20795 29900 25409 1794 3645 37293 40622 26726 14074 2031 11001 9684 28603 13768 12402 33496 18765 58057 1967 59481 17646 22959 19856 64971 54433 31123 15235 68111 14298 68102 41655 11452 42780 27224 13115 45598 16169 43133 55363 47005 42476 30078 65146 39888 17943 44146 59642 22629 27101 808 12174 23503 12774 28316 25309 30071 23107 42077 13908 61881 830 3943 4092 57175 63264 65207 64578 43322 40198 10781 28671 57108 22542 33990 24737 16369 3585 20774 63920 28942 37734 20289 5825 35752 65360 59069 14289 55198 54685 64867 57018 39868 67262 8283 7822 35885 10083 5613 5951 20220 2130 35894 21707 31851 61480 67249 27864 9417 27241 30956 47209 14642 34206 10901 23023 23718 24089 62035 48323 17591 60539 59802 25524 5650 61795 1146 3678 51208 9242 51697 6422 3362 7604 53512 8380 16087 65842 47593 13031 59646 31869 4954 21624 4015 67977 12728 3884 36837 38607 9612 23264 3627 56986 18735 5493 63106 64159 58530 1643 30581 59734 9053 14033 67860 7412 34700 10116 50302 43500 47149 32181 54080 22287 15041 67179 38358 3312 19355 64736 42025 20579 18436 58456 9666 36958 28540 45768 34120 15595 34363 57362 6685 21104 12096 44846 53481 58127 5388 42345 26910 59791 15897 25773 7050 22956 46813 21131 54660 42204 65206 45578 25456 27542 49063 11584 58310 17894 38455 34281 23222 37895 63097 44116 8626 32638 28736 54054 66415 22303 30951 68377 6066 67657 70247 63940 62852 67298 59662 19514 54818 68087 20605 28194 22758 38451 33248 53586 66366 27649 24956 52694 42253 32025 28735 65826 15649 16981 65689 16712 21367 32130 21802 31206 7245 30733 19264 912 45208 6271 14040 40020 26093 44134 55947 39794 33544 384 9823 32114 18600 7613 56361 63700 53582 5201 53756 69146 17046 24700 64606 34469 3462 5243 44226 30951 44781 69243 24494 13368 63652 44889 38989 52518 35577 67904 34832 51157 18598 52372 47881 31751 44120 65212 15328 65596 9686 15325 3702 31213 39379 55779 15681 59256 36552 9589 23906 54372 64830 46511 4372 35879 47364 46275 396 19920 66536 59046 69385 20980 48909 13054 11995 59127 20336 34944 42671 56361 25564 23617 8034 56023 1757 19112 44134 4106 13054 1612 31211 60189 15719 56461 26567 51873 54858 950 15130 22837 8604 33641 15429 28944 27864 57487 1587 42500 5779 16072 16111 65427 32224 34835 50755 10346 37230 13405 56435 69916 66403 16084 66950 71539 10216 25187 51391 5455 62707 72308 66606 26663 15100 20001 66175 63417 48492 38738 48668 3929 4173 26530 39226 11578 13191 13236 56859 19618 20671 69263 68484 61044 69448 45166 8154 28083 36469 25588 6996 44764 26473 56072 10857 55334 23681 38326 233 47594 5160 58726 8827 7853 11276 67599 57638 52926 51274 3897 66742 15956 5452 14878 66852 2629 45823 27696 29797 4494 68194 26428 41427 21018 72059 3352 13621 3845 62428 57643 17086 7436 59932 62018 27961 43022 19072 12768 194 63406 44164 48439 21889 67882 44972 50669 30863 36424 19608 7904 9235 49283 64381 54201 31393 65255 8350 60984 21585 51564 35372 7647 21443 17003 11823 59971 58733 47876 70299 51277 17216 25512 9190 24772 13871 36276 4205 22705 6692 14757 8582 16325 59164 8622 55554 63256 39627 66241 60938 70117 66390 4132 47896 50682 7821 56022 3737 29127 36091 37251 51869 22510 20933 62225 49145 6895 48516 22382 6909 25434 6288 58617 4668 56230 18923 23908 58622 30778 328 41163 52786 47204 18444 6660 68148 7722 6480 14741 37912 20594 21768 58300 54552 7743 5861 50773 54427 70179 5788 59051 52891 33991 55451 46280 50179 28021 39032 16415 15623 60082 45567 58497 29674 18646 20843 20459 20384 69873 7715 73256 65733 34269 12934 38026 38497 69140 20559 27511 17943 61250 69904 37854 23234 5424 529 8624 65627 58364 6083 22259 3924 24493 36810 62553 66560 30066 9767 5412 556 6441 14429 33104 52554 36523 53365 45476 24549 18832 66979 46214 70791 27472 43392 6428 11160 74113 55351 42811 32717 55861 51251 41609 67027 1641 1003 62727 2579 42181 55223 44341 10942 55653 2974 60018 74059 60811 37782 35122 55501 42663 2367 31350 68328 71461 59348 70548 70130 67929 73759 3781 20828 60756 46911 67639 23915 65789 49337 21629 27716 67159 23692 18836 2779 41001 35852 4821 54906 8712 9826 63034 42812 32892 22015 3634 45770 19833 47758 36333 71899 36681 38070 36201 11942 3716 62864 3879 25299 18743 72069 41142 60564 11757 45299 63140 20995 52338 10591 18025 51867 21210 35472 48633 53938 14393 55862 51546 57062 37990 43757 37114 62646 41331 58681 984 44626 1000 6984 19961 24539 9076 52829 19760 24880 65439 70526 38852 6855 50458 51170 48434 39869 69528 66524 68620 32408 73330 30285 17117 6640 3840 70816 75985 59347 42518 46948 40000 6400 74440 19415 71263 48040 38071 13040 41363 9287 14266 10132 28561 5606 52364 46712 23308 35054 9533 37105 54423 5262 10241 5029 5233 549 10388 38755 43363 57039 17413 26638 23782 72419 10280 46520 23819 72265 75650 45445 58014 45019 3159 18610 69344 67215 7209 61033 34655 14602 7654 71327 27892 3808 1663 6373 13633 1392 11726 73573 45791 55733 25165 2923 63436 18409 36910 56919 45391 33321 51084 6626 23585 59896 14515 27636 14829 26128 44661 73223 10230 9354 75712 59096 2051 31800 9211 26858 10495 46000 21565 56089 71756 15737 17197 19254 70742 11629 20520 70899 15321 7763 29819 8085 55651 33655 40514 71474 25366 51319 69372 43007 75828 50030 27479 70900 60949 30609 66807 74366 23824 32750 24007 29065 13475 66125 634 4692 48746 1115 31694 42550 62017 315 24844 68398 27969 1100 42324 47034 15147 53764 7440 28536 70885 33519 73306 57507 52371 26209 14910 30473 71182 3341 14790 33446 45211 43681 59111 20084 56419 16899 50631 22814 57195 74316 38156 22907 50631 14278 28219 27259 34057 38264 61149 2122 77023 49718 55883 32344 38147 15995 11987 17847 76358 17210 28563 72495 33949 37521 58115 74213 20626 49819 13027 39879 51541 25484 7153 786 11176 1720 2673 60991 51144 71298 65975 12136 28292 62390 11052 48432 23660 58273 25228 32229 26709 3063 5422 70086 31184 12746 30916 52125 29218 34164 55586 43943 66384 77451 73207 53682 73327 56335 7115 59812 46378 21888 74885 32480 27185 60661 26299 66435 50112 13630 2552 24812 5054 33353 19914 58039 38067 994 34878 9226 62225 69320 76019 50635 47826 12893 45398 36210 11786 71047 66401 70055 72338 18338 63644 21577 16912 32269 62528 25628 54092 42206 41937 48504 27086 41648 47408 52359 18278 4589 76205 32252 47395 43193 45404 52787 17177 59525 46589 29446 49960 23942 36723 33226 17761 22858 76708 77788 44269 41652 936 7588 58450 68190 34658 19006 77283 70967 23339 51399 30439 21859 54862 28061 39285 15026 1199 69752 8418 11163 18079 34680 61199 4948 13087 69288 53556 38025 19505 60203 54572 43610 30381 51637 25674 52172 32589 51983 50680 51317 61127 12941 62025 19504 37958 58641 55009 73185 70504 17101 68189 74182 60543 63595 68179 45296 72188 72311 50134 71679 19254 19459 8951 72703 10349 72486 55406 78533 76637 7958 67718 78513 27197 55884 38636 12128 14184 55470 17991 39715 66316 61187 64013 19059 39993 77434 53955 21988 7344 79477 47902 57232 41539 42069 18057 78340 25520 7853 11058 75611 25314 27446 29383 34290 2410 26668 71210 47592 39204 33126 26176 52590 67817 46964 17242 28438 60540 6709 22723 4197 17205 78990 7770 55694 28977 25749 31142 48075 65251 70603 6087 41357 17272 70058 69392 33253 4431 5318 50380 25813 74302 77536 44712 38405 4963 20705 63750 27708 23611 62778 46460 70592 58514 34428 21084 2454 33923 10092 42064 61861 62037 49854 45014 53939 74124 5564 77622 43134 75575 32345 11705 14074 77372 74957 20716 7352 43461 66518 63139 28223 60232 73583 56199 68611 46999 80121 9919 39593 20860 63542 27311 9767 4844 28391 76032 77703 7655 19064 32582 67508 71740 47419 456 51198 46300 3606 9598 18220 37753 18641 42661 32894 49191 30085 41663 3390 66672 17067 78303 79576 2516 8152 73677 44430 30348 61374 79035 64433 66253 40550 41638 6058 52309 65273 49838 63104 18068 58216 25195 52528 50812 4693 75162 3621 65099 27278 66764 64236 2238 69205 44908 59859 42044 56169 45881 77050 22744 50718 56578 30873 31967 47186 17587 73957 31682 65950 29843 32601 60014 47675 37366 68286 40308 55395 63936 14927 64933 44932 68436 40925 2213 36750 47395 78527 77992 51601 14935 2624 80194 24121 38589 15027 7147 72275 41189 73239 18327 43975 61266 66856 16523 58098 3638 11087 15440 46720 68625 69063 79687 61731 6141 42656 24998 74451 19805 25059 69216 79758 33342 77027 29340 52845 59645 75485 50683 52156 71425 5249 6309 32079 24047 66767 11810 6719 81124 4275 74695 55662 32525 23544 63954 81181 72255 36728 60574 6886 23117 23750 39275 35237 75878 14764 73510 70578 55486 49513 33968 45889 26919 10448 29637 24260 23946 75638 65481 18537 64225 78928 59051 17149 13715 26568 48260 63182 8584 45138 20128 56526 27058 4533 130 80253 6594 51249 29873 67997 81750 71706 30962 10080 49008 59963 14086 48669 8893 51915 65451 74463 23916 8999 58879 29197 47322 43346 58430 11687 58220 66398 45039 2113 57905 71266 42492 2211 44066 21715 58055 80829 44275 11519 32179 31723 19724 10887 4629 4094 7146 58684 19503 59064 82998 21350 50336 45963 70290 38743 9347 73844 22179 38581 70697 17296 16939 27283 28144 38624 19734 40826 77309 33096 33308 52652 52806 69456 15807 56633 7555 44000 10451 60007 63183 12777 10428 10883 8756 58725 66496 74737 47547 12012 63434 10220 40258 21637 39494 80213 38799 78631 78076 37755 22897 12994 118 11531 48595 82415 19107 14050 17319 29720 52109 60846 22203 83964 21327 61589 25509 42779 24873 57695 31027 19496 72218 48811 41086 52943 77596 52379 18787 33118 18604 64079 16459 1512 62563 47789 30488 10727 14114 63869 29404 23099 11149 83865 71826 58596 44363 62101 70777 22866 77876 5843 45468 37927 64079 63977 78955 774 54832 74930 18374 11938 70424 77486 13547 45336 53239 25347 51653 65248 76539 52041 22426 65198 18446 55769 44993 83385 19797 29361 13746 54727 73012 68324 36673 63506 38913 36076 77010 60653 13802 39171 30243 47117 25886 54491 28403 81264 1227 28638 74679 1146 49793 20898 78349 70915 48780 64970 83180 43517 22969 49924 39566 15814 5515 73885 61102 4750 61261 48498 16610 19137 24980 45003 63244 66136 60866 7529 2695 75613 46382 29948 32509 30335 44275 21868 84978 9056 62365 30354 42788 80120 28423 53259 30252 14365 19266 76872 19515 82468 58888 80527 57746 21067 10592 77743 39987 53897 4749 4191 35308 65357 18605 76616 71583 65511 78563 13965 27848 1693 22388 697 72782 48080 85360 2362 35603 83178 48482 48381 54317 34496 44111 39797 83647 83127 46013 19060 80914 70075 34680 36139 14858 48232 50715 34104 60324 77280 75732 9610 60178 31262 51277 35043 81941 12598 23879 43259 72683 52680 60766 24967 15426 68638 58779 11880 59269 44413 52863 74894 27253 33046 80682 41062 24642 25794 675 54505 17119 22107 66178 12288 47160 34879 19424 15774 64318 72866 31593 45748 65654 36581 17788 46910 47500 14062 13675 8661 920 49903 15222 38015 15403 53994 42226 16971 60174 45933 52189 32015 20403 2210 60737 85838 54666 36047 2737 42493 57771 69034 73721 82116 40961 84931 81505 66496 17256 63166 44667 36982 20129 4666 73678 30251 7838 3245 20617 62395 71298 63277 16958 2887 31008 51138 46277 9084 52493 26732 85696 47090 42440 61684 36038 11369 47391 3127 13464 6508 6173 44056 63922 47980 55494 69803 22106 14170 77587 51590 11792 18943 26296 35990 33940 23092 10933 35113 70381 57462 27699 24617 74097 68263 22007 52542 39290 64039 64059 9869 3024 35289 15618 8015 11337 57294 58274 31019 41309 71209 36483 5848 19713 64274 81237 38611 19437 59769 78988 82360 68078 26578 59487 29067 71990 79519 43662 62602 8710 34006 64158 32215 74053 23805 63625 62864 51706 9216 33217 24665 73391 25311 57938 853 26943 44208 8527 75006 71324 12510 73607 25978 2838 63717 78331 5524 26877 79956 8336 39283 7684 40530 59190 15716 2637 15129 27065 10567 33788 50469 48659 13009 70122 3381 73688 76595 20826 75000 79183 22957 1029 20581 19159 416 76590 69404 13833 24164 51876 84667 15847 41182 49235 81037 84558 57312 59722 83215 65277 87454 72770 1485 33422 25266 34212 52222 26067 67845 5014 10107 60603 69862 27905 84599 36609 1990 54316 29660 76901 26097 33742 26066 88177 35498 72988 33955 21626 66895 15400 73486 429 17739 74991 86514 44730 36346 17132 47572 20974 48732 73692 59470 86807 10255 55105 44817 2375 7325 16856 79468 39307 56547 63508 67767 20351 9241 42815 57325 36090 44893 44497 5850 71215 59420 66676 74826 51695 81 23507 52335 15025 87249 86448 40992 49630 66089 122 72446 27593 7079 44916 29540 42863 47825 88240 69374 17762 77444 17642 15332 2673 21397 41995 83203 42464 78536 39136 76968 78318 38178 88443 7870 45385 46916 18200 62764 23574 33125 53378 67070 6496 5558 47446 26398 73161 34654 43115 14634 86390 28870 48617 54298 47424 62089 3004 18962 39027 22770 23700 54221 34225 24783 71379 21558 14484 77112 51733 64923 18524 17997 11432 79564 39428 88631 57971 22646 42212 74140 84108 78673 56378 69114 23345 25980 62731 54914 84598 54181 44256 789 74968 61012 51092 81 75778 77662 22490 75765 74036 64610 43941 5526 71938 60491 76714 70396 34359 42620 41943 23804 62490 44446 73176 31793 68450 83761 17205 18819 64470 37237 14312 84051 19336 66567 10522 27497 87330 40221 48713 82012 42026 52008 48647 17475 55586 1185 67874 34765 73091 2416 74028 66826 32119 88467 34275 9379 73075 17634 87731 87099 47535 61463 42922 22980 86594 40535 16085 74477 53104 80616 13321 3889 2173 37797 39302 6066 18664 53118 15004 76849 12034 53370 9558 17065 78101 31140 10318 38786 16039 20561 42765 64859 78954 14951 47351 28239 72218 44139 66212 37273 12515 75177 7517 11949 12625 60117 15395 86145 10083 49993 53378 48196 75547 21444 63070 51733 85180 51977 51602 25158 29104 11148 15054 86946 35564 47449 18166 76787 28987 51192 15718 53816 37810 2527 12347 7678 70786 51868 42702 74328 45318 85358 29950 23955 7383 15225 1121 41504 71713 30924 87774 56390 26913 75988 86192 63215 46665 88001 49813 10256 6169 22672 49349 21131 67186 54965 43419 6255 34901 27813 84061 14204 39703 23271 28850 467 531 74744 4215 31887 25349 38224 38106 24447 11958 16928 44352 56854 77141 87407 89996 89762 36751 18575 3644 78925 21286 8136 54365 7884 61319 88273 88558 51026 33247 56516 72833 56598 87109 64316 73863 2018 58815 4218 91908 11820 77213 37003 25459 24705 1555 9716 36740 15469 82468 44424 81504 14715 64402 54510 60676 16541 59271 11567 79032 20806 53752 84992 63625 1942 37993 9386 20409 15195 65866 84509 13664 37584 77723 27514 32345 75952 12020 76968 3107 40273 77183 38059 90652 14223 60773 62848 1622 79686 45974 80543 16845 76202 85440 9251 68650 73486 17078 6004 73957 16106 56355 73878 31869 89700 85082 78780 45475 61869 43569 59958 43850 9735 58240 8402 23382 36235 8249 41360 53245 48697 45495 41320 30017 59906 70484 1938 29566 10956 15478 6587 53936 37691 91647 47172 60377 47244 16006 90671 35922 9704 2997 80015 7655 46280 73291 41912 40919 9211 64467 87085 65873 40924 3144 36621 20408 91107 517 38781 52431 6388 31083 89345 52358 76258 46057 73991 13753 85592 67715 93255 13914 49461 65863 63495 47743 75061 22217 82376 23532 24766 18913 89176 72290 40155 28247 6792 22468 27079 64304 77782 58808 87165 45614 51712 1290 89526 22582 22584 38820 4282 11555 59096 30385 76612 74497 88920 39095 21076 44118 2045 49228 32788 72696 39110 10260 31106 69517 83277 49757 65148 8714 21915 53247 3016 16544 24761 67117 58101 5636 10688 10809 36442 41504 34935 15442 23346 28286 21470 49099 55897 48251 9307 47371 50105 91128 90328 49096 36507 10589 19163 9591 67640 35393 9945 77566 67005 91358 77982 28656 82306 31615 55631 12524 61612 971 38902 38668 48693 36938 29022 83153 43810 461 81682 2860 901 47850 23187 76884 71925 61458 83345 38222 82573 15855 536 33189 63929 29027 54300 38099 72715 94479 4333 86447 77557 10635 6541 58268 37061 9654 81597 6371 1609 68431 90589 83233 60555 57723 55328 82199 17201 91917 9029 12437 42478 45127 24102 28446 89451 57386 72248 76046 63247 47199 25791 64035 51698 66943 34384 85777 13921 55883 23623 72433 67494 29848 88769 16386 1728 21026 77426 15925 12726 60391 29174 71641 5903 39952 20131 32063 34042 56460 52867 57283 64950 75594 13190 34560 12257 42578 22511 23651 70703 60918 1271 58689 66780 43479 63759 74863 66364 90615 55339 2195 68900 69926 78788 39056 3678 29394 51956 27080 56194 7169 20126 53212 84736 75465 13733 6493 1464 84943 56234 52530 33166 43429 10624 47876 53509 66721 35644 45654 2578 33599 14215 74216 74342 24610 34497 52929 51091 32440 62427 47042 95641 18020 17160 62913 35448 95741 74194 79418 40654 36752 71093 61563 79783 83274 36662 2179 15357 14405 91489 11800 40823 13816 56773 17180 20523 38322 76999 5114 35269 70737 24538 54127 77055 74235 54717 79465 29309 47088 10585 23804 33404 8251 37519 94414 28691 59396 39484 7942 17469 74638 49326 71707 55807 33882 30457 43717 10642 42532 75928 54566 33224 54534 35533 1775 77822 49340 87151 29289 80338 66395 13079 36771 58301 30665 39239 10180 31132 52090 26386 93272 78946 76979 32888 47298 11852 76291 88681 69039 26591 56886 63567 79247 57 95533 50915 15284 69584 90590 47127 49956 71654 11176 65117 78860 53343 94025 40265 71966 13211 43873 88467 89643 11113 42092 33428 8112 95172 8672 33460 39115 72294 61082 57115 32266 74488 63261 47818 6346 82740 41004 49542 79378 85111 89272 82707 47463 40852 51673 93155 43264 50635 13569 14869 85408 22895 12346 97106 80685 31970 91830 65399 36732 76661 1418 23533 94532 63424 8831 54440 89183 7096 78219 87022 5914 15166 13473 29779 50479 19154 2494 78609 33063 36455 32633 38469 4725 82193 19856 32157 89495 69218 27774 78720 89906 30727 12107 6613 60420 29110 27871 89089 94445 7119 73049 42361 34157 57811 2382 18764 80478 68231 52554 37959 38462 33196 43156 67848 80918 46356 70875 40237 7335 50189 3108 80114 87757 6676 69614 20748 4173 167 80586 66589 79326 12260 199 41336 32560 30460 59628 61948 883 76164 93997 88004 61870 58523 43624 19612 66147 96529 93458 62510 20681 63516 36978 83001 71204 54271 95362 39571 25265 43626 4526 76500 90250 90249 64537 13888 75791 45491 85284 84723 79855 23150 52367 68436 28482 2797 20202 69316 19455 35922 94144 76205 51619 43461 36926 71234 85896 68597 91821 41444 87894 33246 44721 14371 24215 61404 62966 4607 5375 93859 61619 56505 79460 92470 54692 32556 70298 10398 49804 24453 65848 32036 29311 50020 49672 65715 2707 20798 15313 12212 12363 71239 32818 73995 58800 96553 94756 16991 72789 746 24456 96891 57658 16121 79011 67479 95217 56003 12867 34237 38177 22171 59313 89513 72917 23097 95833 7597 28990 66405 97870 52072 8947 66610 82512 48634 66781 61144 83300 88050 40969 69792 13341 72608 41454 78675 88740 82755 71140 80486 45185 72152 5442 66712 33660 76103 32138 38621 49192 79836 99517 36469 65905 14643 23317 47593 95014 75601 70507 49312 46066 97140 32380 71560 20930 7349 28905 98150 47079 34825 32503 3944 17453 88826 53543 79925 33218 23904 83775 51528 23191 28493 28695 82718 79959 67609 53914 20292 90139 65662 69986 63348 67063
