20
28 21
6 5 1 85919
1000000000 1
12 7 74 12
131 74
1 9 10 78736
1000000000 100000
1 1 0 2
112 73
1 5 3 64100
110 53
7 7 1 64417
177 73
7 7 5 56401
1000000000 100000
999999999 1 999999999 1000000000
1000000000 100000
99999 1 99999 100000
840698758 13331
8 7 10 999955808
66 39
35 2 589 66
59 26
14 19 681 59
82 81
58 56 739 82
640834505 28785
3 9 1 999946125
78 51
3 5 5 51230
249718282 93729
1 5 6 999917908
164 96
76 2 193 164
45068754 29153
2 9 5 999904402
232959116 56689
4 9 1 999903057
97 39
34 37 656 97
